575990
593838
558908
506521
524303 515443 575341
585581
547116
549807
501277 504556
556453
597503
526652
573267 599955 564381 511020 560573
590492
578210
550689
597468
596123
571712
539404 569576 538795 551284 543919 563358 525852 590790 595295
574165
553974
504564
502604
530529
592927
541910 568434 509965 524403 580571 550212
552516
569960
531657
524368
599644
538259
585250
558409
531817 555620
568903
598930
556009 506551
569859
528501
533715
543826 562315
570229
528997
578504
571360 525613 562536 550765 579894 538277 505109 510275 516113 593740 583589 549529 588369 549650 547097
578610 513481 579033 542430 503133 569442
596430 586200 515667 579060 592846 576834 532651 591219 578012 593342
